97
77
44
63
22
8
89
44
61
27
34
0
28
76
85
54
35
1
96
88
38
80
32
87
3
86
66
87
70
41
32
44
72
20
62
27
12
9
62
27
0
5
3
89
29
27
72
96
85
4
47
90
22
2
92
46
14
64
41
29
13
78
65
93
11
77
64
25
9
78
72
13
49
18
69
68
78
44
99
29
33
38
42
30
3
98
32
36
59
53
85
18
25
41
17
80
8
86
92
63
87
0
73
35
9
58
28
48
77
68
64
36
67
77
92
22
16
20
72
21
47
10
97
59
76
68
42
8
15
93
12
60
83
47
85
86
33
63
75
45
71
29
96
95
98
4
6
62
10
83
11
50
49
80
4
11
61
72
50
13
89
70
78
20
20
14
5
27
27
52
80
67
24
84
43
31
33
42
38
82
26
1
13
62
83
67
47
29
71
52
54
38
42
43
31
96
48
28
38
8
99
66
40
86
12
33
61
100
25
32
75
61
66
1
20
21
61
78
16
87
50
21
32
63
2
60
2
24
58
16
92
63
63
50
13
64
84
49
64
80
46
2
57
0
3
64
66
31
71
77
14
28
85
73
23
73
69
98
3
80
52
52
40
41
73
70
13
46
37
26
55
73
19
57
75
76
81
97
46
57
72
17
21
88
79
15
60
96
42
60
63
67
44
52
95
80
30
68
47
49
45
81
51
26
98
17
37
46
91
78
52
50
41
54
15
71
78
53
9
24
67
53
52
10
3
51
74
45
61
100
88
82
10
98
49
24
35
33
88
19
58
19
1
59
26
97
67
2
31
56
20
100
88
84
34
17
70
16
100
74
51
20
57
26
63
54
24
67
45
85
46
51
95
24
36
2
73
49
33
64
99
72
41
99
68
65
34
13
39
53
75
25
100
8
21
12
63
62
49
31
15
53
11
17
61
30
100
30
96
76
5
91
71
19
89
40
77
31
4
16
63
5
32
42
99
99
34
59
92
61
81
97
63
24
5
87
87
32
93
57
51
35
48
0
72
50
79
43
29
49
2
39
65
20
81
74
85
50
94
82
68
41
57
25
82
8
57
21
60
27
94
48
13
11
84
19
68
92
81
20
84
76
36
7
63
38
86
60
73
16
11
86
74
75
2
42
4
90
53
81
13
29
78
93
72
65
50
17
2
36
27
22
60
16
100
84
80
74
48
44
51
96
11
11
88
42
46
97
20
54
87
21
91
63
23
7
65
97
69
99
85
54
58
19
93
64
8
98
58
99
89
50
63
20
85
13
12
73
86
45
70
22
33
68
94
29
69
96
36
78
44
78
25
17
56
87
34
28
75
30
58
87
94
17
96
68
17
65
65
27
8
18
94
87
10
83
4
52
18
78
66
44
21
84
46
18
30
99
58
66
29
100
16
4
87
11
12
33
17
92
98
84
15
95
14
38
25
53
54
88
5
0
29
55
99
74
17
74
4
51
24
57
42
60
92
65
79
44
3
48
40
0
84
72
25
34
71
35
0
17
76
53
60
30
43
77
91
51
69
18
93
56
83
13
31
98
5
17
40
14
57
84
68
5
38
84
5
6
85
19
63
37
88
16
68
77
18
75
23
81
6
51
91
30
79
58
5
49
51
13
95
23
94
75
32
25
58
70
6
52
44
21
65
2
44
2
97
95
73
53
82
38
68
82
14
22
16
67
83
54
65
67
76
43
12
67
36
86
66
28
17
10
41
86
75
79
24
42
0
22
48
63
88
33
50
75
21
26
56
61
76
70
47
10
94
31
18
52
65
57
33
3
50
11
46
92
81
60
25
27
1
41
68
20
31
36
13
75
37
86
80
73
26
59
59
35
50
84
84
34
16
62
77
63
65
84
72
98
16
79
48
15
69
22
95
90
91
7
9
99
2
91
80
13
73
32
98
94
100
66
99
15
46
45
59
95
19
62
41
59
0
42
89
70
18
9
12
59
70
86
70
55
21
43
93
26
9
79
80
2
89
100
65
24
9
65
55
100
43
6
64
17
33
38
35
1
64
2
51
19
3
30
13
42
53
12
56
78
53
55
41
72
96
16
8
56
8
29
91
66
55
28
5
16
100
37
61
68
91
73
11
5
92
30
60
57
79
33
2
45
71
94
26
83
60
58
79
13
48
56
74
3
58
33
53
5
39
19
13
3
38
78
88
50
88
41
85
0
17
82
76
91
79
54
59
60
91
54
87
36
98
60
83
12
86
64
90
66
19
91
30
47
39
86
8
12
36
31
52
42
46
56
36
83
43
38
52
79
34
10
